0
-34
-3
-12
6
1
-1
51
62
73
64
55
36
27
98
89
310
211
112
613
314
415
6616
417
158
129
220
2300
2321
23323
1800
29801
2
3
4
5
6
7
8
9
10
11
12
13
14
15
16
17
18
19
20
200
221
223
1800
2980
-16
12567
3
45
983
16
789
-2356
18000
67
345623
88
1959
1897
23
44
28982
132
16
787
364
23
23
19
345
11
881
333
12
21
31
41
51
61
72
821
92
101
111
121
131
141
151
161
171
181
1911
201
2001
2211
2231
18001
29801
-161
121567
31
451
9831
161
7891
-23516
180100
671
345923
881
19591
18917
231
442
289812
1321
161
7871
3641
232
231
191
3451
111
8811
3331